Повышенная трудность, задание 2.
G = (V, E)
V = {1, 2, 3, 4, 5, 6, 7, 8, 9}
E = {(1,2), (1,3), (1,5), (1,9), (2,3), (2,6), (2,8), (3,4), (3,9),
     (4,5), (4,7), (4,8), (5,6), (5,7), (6,8), (6,9), (8,9)}

Рисунок: hard_2_graf.png


Матрица смежности:

     1  2  3  4  5  6  7  8  9
1    0  1  1  0  1  0  0  0  1
2    1  0  1  0  0  1  0  1  0
3    1  1  0  1  0  0  0  0  1
4    0  0  1  0  1  0  1  1  0
5    1  0  0  1  0  1  1  0  0
6    0  1  0  0  1  0  0  1  1
7    0  0  0  1  1  0  0  0  0
8    0  1  0  1  0  1  0  0  1
9    1  0  1  0  0  1  0  1  0


Матрица инцидентности.
Рёбра в порядке из E, e1 ... e17:

       e1 e2 e3 e4 e5 e6 e7 e8 e9 e10 e11 e12 e13 e14 e15 e16 e17
1       1  1  1  1  0  0  0  0  0   0   0   0   0   0   0   0   0
2       1  0  0  0  1  1  1  0  0   0   0   0   0   0   0   0   0
3       0  1  0  0  1  0  0  1  1   0   0   0   0   0   0   0   0
4       0  0  0  0  0  0  0  1  0   1   1   1   0   0   0   0   0
5       0  0  1  0  0  0  0  0  0   1   0   0   1   1   0   0   0
6       0  0  0  0  0  1  0  0  0   0   0   0   1   0   1   1   0
7       0  0  0  0  0  0  0  0  0   0   1   0   0   1   0   0   0
8       0  0  0  0  0  0  1  0  0   0   0   1   0   0   1   0   1
9       0  0  0  1  0  0  0  0  1   0   0   0   0   0   0   1   1


Списки смежности:

1: 2, 3, 5, 9
2: 1, 3, 6, 8
3: 1, 2, 4, 9
4: 3, 5, 7, 8
5: 1, 4, 6, 7
6: 2, 5, 8, 9
7: 4, 5
8: 2, 4, 6, 9
9: 1, 3, 6, 8
