Повышенная трудность, задание 1.
Для графа G найти матрицу смежности, матрицу инцидентности и списки смежности.

Граф ориентированный и взвешенный (рисунок в тетради мелкий, дуги сняты по картинке).

Дуги (откуда, куда, вес):
(1,2,4), (1,3,2), (2,4,7), (2,5,1), (2,6,3),
(3,6,3), (3,7,6), (4,7,5), (5,7,8), (5,10,7),
(6,8,6), (6,10,5), (7,9,2), (8,9,4), (9,10,9)

Рисунок: hard_1_graf.png


Матрица смежности (вес дуги i -> j, иначе 0):

      1  2  3  4  5  6  7  8  9 10
 1    0  4  2  0  0  0  0  0  0  0
 2    0  0  0  7  1  3  0  0  0  0
 3    0  0  0  0  0  3  6  0  0  0
 4    0  0  0  0  0  0  5  0  0  0
 5    0  0  0  0  0  0  8  0  0  7
 6    0  0  0  0  0  0  0  6  0  5
 7    0  0  0  0  0  0  0  0  2  0
 8    0  0  0  0  0  0  0  0  4  0
 9    0  0  0  0  0  0  0  0  0  9
10    0  0  0  0  0  0  0  0  0  0


Матрица инцидентности (орграф: -1 выход, +1 вход).
Порядок дуг как в списке выше, e1 ... e15:

       e1 e2 e3 e4 e5 e6 e7 e8 e9 e10 e11 e12 e13 e14 e15
 1     -1 -1  0  0  0  0  0  0  0   0   0   0   0   0   0
 2      1  0 -1 -1 -1  0  0  0  0   0   0   0   0   0   0
 3      0  1  0  0  0 -1 -1  0  0   0   0   0   0   0   0
 4      0  0  1  0  0  0  0 -1  0   0   0   0   0   0   0
 5      0  0  0  1  0  0  0  0 -1  -1   0   0   0   0   0
 6      0  0  0  0  1  1  0  0  0   0  -1  -1   0   0   0
 7      0  0  0  0  0  0  1  1  1   0   0   0  -1   0   0
 8      0  0  0  0  0  0  0  0  0   0   1   0   0  -1   0
 9      0  0  0  0  0  0  0  0  0   0   0   0   1   1  -1
10      0  0  0  0  0  0  0  0  0   1   0   1   0   0   1


Списки смежности (исходящие):

1:  2, 3
2:  4, 5, 6
3:  6, 7
4:  7
5:  7, 10
6:  8, 10
7:  9
8:  9
9:  10
10: (пусто)
