Задание 5.
G = (V, E)
V = {1, 2, 3, 4, 5, 6, 7, 8}
E = {(1,6), (1,8), (2,6), (2,7), (3,4), (3,5), (3,6), (3,8), (4,5), (4,6), (4,8), (7,8)}

Рисунок: sam_5_graf.png


Матрица смежности:

     1  2  3  4  5  6  7  8
1    0  0  0  0  0  1  0  1
2    0  0  0  0  0  1  1  0
3    0  0  0  1  1  1  0  1
4    0  0  1  0  1  1  0  1
5    0  0  1  1  0  0  0  0
6    1  1  1  1  0  0  0  0
7    0  1  0  0  0  0  0  1
8    1  0  1  1  0  0  1  0


Матрица инцидентности.
Рёбра:
e1=(1,6) e2=(1,8) e3=(2,6) e4=(2,7) e5=(3,4) e6=(3,5)
e7=(3,6) e8=(3,8) e9=(4,5) e10=(4,6) e11=(4,8) e12=(7,8)

       e1 e2 e3 e4 e5 e6 e7 e8 e9 e10 e11 e12
1       1  1  0  0  0  0  0  0  0   0   0   0
2       0  0  1  1  0  0  0  0  0   0   0   0
3       0  0  0  0  1  1  1  1  0   0   0   0
4       0  0  0  0  1  0  0  0  1   1   1   0
5       0  0  0  0  0  1  0  0  1   0   0   0
6       1  0  1  0  0  0  1  0  0   1   0   0
7       0  0  0  1  0  0  0  0  0   0   0   1
8       0  1  0  0  0  0  0  1  0   0   1   1


Списки смежности:

1: 6, 8
2: 6, 7
3: 4, 5, 6, 8
4: 3, 5, 6, 8
5: 3, 4
6: 1, 2, 3, 4
7: 2, 8
8: 1, 3, 4, 7
