Задание 4.
G = (V, E)
V = {1, 2, 3, 4, 5, 6, 7}
E = {(1,4), (1,5), (1,6), (1,7), (2,4), (2,7), (3,4), (3,5), (3,6), (3,7), (4,7)}

Рисунок: sam_4_graf.png


Матрица смежности:

     1  2  3  4  5  6  7
1    0  0  0  1  1  1  1
2    0  0  0  1  0  0  1
3    0  0  0  1  1  1  1
4    1  1  1  0  0  0  1
5    1  0  1  0  0  0  0
6    1  0  1  0  0  0  0
7    1  1  1  1  0  0  0


Матрица инцидентности.
Рёбра:
e1=(1,4) e2=(1,5) e3=(1,6) e4=(1,7) e5=(2,4) e6=(2,7)
e7=(3,4) e8=(3,5) e9=(3,6) e10=(3,7) e11=(4,7)

       e1 e2 e3 e4 e5 e6 e7 e8 e9 e10 e11
1       1  1  1  1  0  0  0  0  0   0   0
2       0  0  0  0  1  1  0  0  0   0   0
3       0  0  0  0  0  0  1  1  1   1   0
4       1  0  0  0  1  0  1  0  0   0   1
5       0  1  0  0  0  0  0  1  0   0   0
6       0  0  1  0  0  0  0  0  1   0   0
7       0  0  0  1  0  1  0  0  0   1   1


Списки смежности:

1: 4, 5, 6, 7
2: 4, 7
3: 4, 5, 6, 7
4: 1, 2, 3, 7
5: 1, 3
6: 1, 3
7: 1, 2, 3, 4
