Задание 3.
G = (V, E)
V = {1, 2, 3, 4, 5, 6}
E = {(1,2), (1,3), (1,5), (1,6), (2,3), (2,4), (2,6), (3,4), (3,5), (4,5), (4,6), (5,6)}

Рисунок: sam_3_graf.png


Матрица смежности:

     1  2  3  4  5  6
1    0  1  1  0  1  1
2    1  0  1  1  0  1
3    1  1  0  1  1  0
4    0  1  1  0  1  1
5    1  0  1  1  0  1
6    1  1  0  1  1  0


Матрица инцидентности.
Рёбра в том же порядке, что в E:
e1=(1,2) e2=(1,3) e3=(1,5) e4=(1,6) e5=(2,3) e6=(2,4)
e7=(2,6) e8=(3,4) e9=(3,5) e10=(4,5) e11=(4,6) e12=(5,6)

       e1 e2 e3 e4 e5 e6 e7 e8 e9 e10 e11 e12
1       1  1  1  1  0  0  0  0  0   0   0   0
2       1  0  0  0  1  1  1  0  0   0   0   0
3       0  1  0  0  1  0  0  1  1   0   0   0
4       0  0  0  0  0  1  0  1  0   1   1   0
5       0  0  1  0  0  0  0  0  1   1   0   1
6       0  0  0  1  0  0  1  0  0   0   1   1


Списки смежности:

1: 2, 3, 5, 6
2: 1, 3, 4, 6
3: 1, 2, 4, 5
4: 2, 3, 5, 6
5: 1, 3, 4, 6
6: 1, 2, 4, 5
